














































































































































































-0.2857143	
-0.2857143	-0.2857143	-0.2857143	
-0.2857143	-0.2857143	-0.2857143	-0.2857143	
-0.2857143	-0.2857143	-0.2857143	-0.2857143	-0.2857143	-0.2857143	
-0.2857143	-0.2857143	-0.2857143	-0.2857143	-0.2857143	-0.2857143	-0.2857143	
-0.2857143	-0.2857143	-0.2857143	-0.2857143	-0.2857143	-0.2857143	-0.2857143	-0.2857143	-0.2857143	
-0.2857143	-0.2857143	-0.2857143	-0.2857143	-0.2857143	-0.2857143	-0.2857143	-0.2857143	-0.2857143	-0.2857143	
-0.2857143	-0.2857143	-0.2857143	-0.2857143	-0.2857143	-0.2857143	-0.2857143	-0.2857143	-0.2857143	-0.2857143	-0.2857143	-0.2857143	
-0.9964004	-0.2857143	-0.2857143	-0.2857143	-0.2857143	-0.2857143	-0.2857143	-0.2857143	-0.2857143	-0.2857143	-0.2857143	-0.2857143	-0.2857143	
-0.9791389	-0.9906466	-0.2857143	-0.2857143	-0.2857143	-0.2857143	-0.2857143	-0.2857143	-0.2857143	-0.2857143	-0.2857143	-0.2857143	-0.2857143	-0.2857143	-0.2857143	
-0.9618775	-0.9733851	-0.9848928	-0.9964004	-0.2857143	-0.2857143	-0.2857143	-0.2857143	-0.2857143	-0.2857143	-0.2857143	-0.2857143	-0.2857143	-0.2857143	-0.2857143	-0.2857143	
-0.9446160	-0.9561236	-0.9676313	-0.9791389	-0.9906466	-0.2857143	-0.2857143	-0.2857143	-0.2857143	-0.2857143	-0.2857143	-0.2857143	-0.2857143	-0.2857143	-0.2857143	-0.2857143	-0.2857143	-0.2857143	
-0.9273545	-0.9388622	-0.9503698	-0.9618775	-0.9733851	-0.9848928	-0.9964004	-0.2857143	-0.2857143	-0.2857143	-0.2857143	-0.2857143	-0.2857143	-0.2857143	-0.2857143	-0.2857143	-0.2857143	-0.2857143	-0.2857143	
-0.9100930	-0.9216007	-0.9331083	-0.9446160	-0.9561236	-0.9676313	-0.9791389	-0.9906466	-0.2857143	-0.2857143	-0.2857143	-0.2857143	-0.2857143	-0.2857143	-0.2857143	-0.2857143	-0.2857143	-0.2857143	-0.2857143	-0.2857143	-0.2857143	
-0.8928316	-0.9043392	-0.9158469	-0.9273545	-0.9388622	-0.9503698	-0.9618775	-0.9733851	-0.9848928	-0.9964004	-0.2857143	-0.2857143	-0.2857143	-0.2857143	-0.2857143	-0.2857143	-0.2857143	-0.2857143	-0.2857143	-0.2857143	-0.2857143	-0.2857143	
-0.8755701	-0.8870777	-0.8985854	-0.9100930	-0.9216007	-0.9331083	-0.9446160	-0.9561236	-0.9676313	-0.9791389	-0.9906466	-0.2857143	-0.2857143	-0.2857143	-0.2857143	-0.2857143	-0.2857143	-0.2857143	-0.2857143	-0.2857143	-0.2857143	-0.2857143	-0.2857143	-0.2857143	
-0.8583086	-0.8698162	-0.8813239	-0.8928316	-0.9043392	-0.9158469	-0.9273545	-0.9388622	-0.9503698	-0.9618775	-0.9733851	-0.9848928	-0.9964004	-0.2857143	-0.2857143	-0.2857143	-0.2857143	-0.2857143	-0.2857143	-0.2857143	-0.2857143	-0.2857143	-0.2857143	-0.2857143	-0.2857143	
-0.8410471	-0.8525548	-0.8640624	-0.8755701	-0.8870777	-0.8985854	-0.9100930	-0.9216007	-0.9331083	-0.9446160	-0.9561236	-0.9676313	-0.9791389	-0.9906466	-0.2857143	-0.2857143	-0.2857143	-0.2857143	-0.2857143	-0.2857143	-0.2857143	-0.2857143	-0.2857143	-0.2857143	-0.2857143	-0.2857143	-0.2857143	
-0.8237856	-0.8352933	-0.8468009	-0.8583086	-0.8698162	-0.8813239	-0.8928316	-0.9043392	-0.9158469	-0.9273545	-0.9388622	-0.9503698	-0.9618775	-0.9733851	-0.9848928	-0.9964004	-0.2857143	-0.2857143	-0.2857143	-0.2857143	-0.2857143	-0.2857143	-0.2857143	-0.2857143	-0.2857143	-0.2857143	-0.2857143	-0.2857143	
-0.8065242	-0.8180318	-0.8295395	-0.8410471	-0.8525548	-0.8640624	-0.8755701	-0.8870777	-0.8985854	-0.9100930	-0.9216007	-0.9331083	-0.9446160	-0.9561236	-0.9676313	-0.9791389	-0.9906466	-0.2857143	-0.2857143	-0.2857143	-0.2857143	-0.2857143	-0.2857143	-0.2857143	-0.2857143	-0.2857143	-0.2857143	-0.2857143	-0.2857143	-0.2857143	
-0.7892627	-0.8007703	-0.8122780	-0.8237856	-0.8352933	-0.8468009	-0.8583086	-0.8698162	-0.8813239	-0.8928316	-0.9043392	-0.9158469	-0.9273545	-0.9388622	-0.9503698	-0.9618775	-0.9733851	-0.9848928	-0.9964004	-0.2857143	-0.2857143	-0.2857143	-0.2857143	-0.2857143	-0.2857143	-0.2857143	-0.2857143	-0.2857143	-0.2857143	-0.2857143	-0.2857143	
-0.7720012	-0.7835089	-0.7950165	-0.8065242	-0.8180318	-0.8295395	-0.8410471	-0.8525548	-0.8640624	-0.8755701	-0.8870777	-0.8985854	-0.9100930	-0.9216007	-0.9331083	-0.9446160	-0.9561236	-0.9676313	-0.9791389	-0.9906466	-0.2857143	-0.2857143	-0.2857143	-0.2857143	-0.2857143	-0.2857143	-0.2857143	-0.2857143	-0.2857143	-0.2857143	-0.2857143	-0.2857143	-0.2857143	
-0.7547397	-0.7662474	-0.7777550	-0.7892627	-0.8007703	-0.8122780	-0.8237856	-0.8352933	-0.8468009	-0.8583086	-0.8698162	-0.8813239	-0.8928316	-0.9043392	-0.9158469	-0.9273545	-0.9388622	-0.9503698	-0.9618775	-0.9733851	-0.9848928	-0.9964004	-0.2857143	-0.2857143	-0.2857143	-0.2857143	-0.2857143	-0.2857143	-0.2857143	-0.2857143	-0.2857143	-0.2857143	-0.2857143	-0.2857143	
-0.7374783	-0.7489859	-0.7604936	-0.7720012	-0.7835089	-0.7950165	-0.8065242	-0.8180318	-0.8295395	-0.8410471	-0.8525548	-0.8640624	-0.8755701	-0.8870777	-0.8985854	-0.9100930	-0.9216007	-0.9331083	-0.9446160	-0.9561236	-0.9676313	-0.9791389	-0.9906466	-0.2857143	-0.2857143	-0.2857143	-0.2857143	-0.2857143	-0.2857143	-0.2857143	-0.2857143	-0.2857143	-0.2857143	-0.2857143	-0.2857143	-0.2857143	
-0.7202168	-0.7317244	-0.7432321	-0.7547397	-0.7662474	-0.7777550	-0.7892627	-0.8007703	-0.8122780	-0.8237856	-0.8352933	-0.8468009	-0.8583086	-0.8698162	-0.8813239	-0.8928316	-0.9043392	-0.9158469	-0.9273545	-0.9388622	-0.9503698	-0.9618775	-0.9733851	-0.9848928	-0.9964004	-0.2857143	-0.2857143	-0.2857143	-0.2857143	-0.2857143	-0.2857143	-0.2857143	-0.2857143	-0.2857143	-0.2857143	-0.2857143	-0.2857143	
-0.7029553	-0.7144630	-0.7259706	-0.7374783	-0.7489859	-0.7604936	-0.7720012	-0.7835089	-0.7950165	-0.8065242	-0.8180318	-0.8295395	-0.8410471	-0.8525548	-0.8640624	-0.8755701	-0.8870777	-0.8985854	-0.9100930	-0.9216007	-0.9331083	-0.9446160	-0.9561236	-0.9676313	-0.9791389	-0.9906466	-0.2857143	-0.2857143	-0.2857143	-0.2857143	-0.2857143	-0.2857143	-0.2857143	-0.2857143	-0.2857143	-0.2857143	-0.2857143	-0.2857143	-0.2857143	
-0.6856938	-0.6972015	-0.7087091	-0.7202168	-0.7317244	-0.7432321	-0.7547397	-0.7662474	-0.7777550	-0.7892627	-0.8007703	-0.8122780	-0.8237856	-0.8352933	-0.8468009	-0.8583086	-0.8698162	-0.8813239	-0.8928316	-0.9043392	-0.9158469	-0.9273545	-0.9388622	-0.9503698	-0.9618775	-0.9733851	-0.9848928	-0.9964004	-0.2857143	-0.2857143	-0.2857143	-0.2857143	-0.2857143	-0.2857143	-0.2857143	-0.2857143	-0.2857143	-0.2857143	-0.2857143	-0.2857143	
-0.6684323	-0.6799400	-0.6914476	-0.7029553	-0.7144630	-0.7259706	-0.7374783	-0.7489859	-0.7604936	-0.7720012	-0.7835089	-0.7950165	-0.8065242	-0.8180318	-0.8295395	-0.8410471	-0.8525548	-0.8640624	-0.8755701	-0.8870777	-0.8985854	-0.9100930	-0.9216007	-0.9331083	-0.9446160	-0.9561236	-0.9676313	-0.9791389	-0.9906466	-0.2857143	-0.2857143	-0.2857143	-0.2857143	-0.2857143	-0.2857143	-0.2857143	-0.2857143	-0.2857143	-0.2857143	-0.2857143	-0.2857143	-0.2857143	
-0.6511709	-0.6626785	-0.6741862	-0.6856938	-0.6972015	-0.7087091	-0.7202168	-0.7317244	-0.7432321	-0.7547397	-0.7662474	-0.7777550	-0.7892627	-0.8007703	-0.8122780	-0.8237856	-0.8352933	-0.8468009	-0.8583086	-0.8698162	-0.8813239	-0.8928316	-0.9043392	-0.9158469	-0.9273545	-0.9388622	-0.9503698	-0.9618775	-0.9733851	-0.9848928	-0.9964004	-0.2857143	-0.2857143	-0.2857143	-0.2857143	-0.2857143	-0.2857143	-0.2857143	-0.2857143	-0.2857143	-0.2857143	-0.2857143	-0.2857143	
-0.6339094	-0.6454170	-0.6569247	-0.6684323	-0.6799400	-0.6914476	-0.7029553	-0.7144630	-0.7259706	-0.7374783	-0.7489859	-0.7604936	-0.7720012	-0.7835089	-0.7950165	-0.8065242	-0.8180318	-0.8295395	-0.8410471	-0.8525548	-0.8640624	-0.8755701	-0.8870777	-0.8985854	-0.9100930	-0.9216007	-0.9331083	-0.9446160	-0.9561236	-0.9676313	-0.9791389	-0.9906466	-0.2857143	-0.2857143	-0.2857143	-0.2857143	-0.2857143	-0.2857143	-0.2857143	-0.2857143	-0.2857143	-0.2857143	-0.2857143	-0.2857143	-0.2857143	
-0.6166479	-0.6281556	-0.6396632	-0.6511709	-0.6626785	-0.6741862	-0.6856938	-0.6972015	-0.7087091	-0.7202168	-0.7317244	-0.7432321	-0.7547397	-0.7662474	-0.7777550	-0.7892627	-0.8007703	-0.8122780	-0.8237856	-0.8352933	-0.8468009	-0.8583086	-0.8698162	-0.8813239	-0.8928316	-0.9043392	-0.9158469	-0.9273545	-0.9388622	-0.9503698	-0.9618775	-0.9733851	-0.9848928	-0.9964004	-0.2857143	-0.2857143	-0.2857143	-0.2857143	-0.2857143	-0.2857143	-0.2857143	-0.2857143	-0.2857143	-0.2857143	-0.2857143	-0.2857143	
-0.5993864	-0.6108941	-0.6224017	-0.6339094	-0.6454170	-0.6569247	-0.6684323	-0.6799400	-0.6914476	-0.7029553	-0.7144630	-0.7259706	-0.7374783	-0.7489859	-0.7604936	-0.7720012	-0.7835089	-0.7950165	-0.8065242	-0.8180318	-0.8295395	-0.8410471	-0.8525548	-0.8640624	-0.8755701	-0.8870777	-0.8985854	-0.9100930	-0.9216007	-0.9331083	-0.9446160	-0.9561236	-0.9676313	-0.9791389	-0.9906466	-0.2857143	-0.2857143	-0.2857143	-0.2857143	-0.2857143	-0.2857143	-0.2857143	-0.2857143	-0.2857143	-0.2857143	-0.2857143	-0.2857143	-0.2857143	
-0.5821250	-0.5936326	-0.6051403	-0.6166479	-0.6281556	-0.6396632	-0.6511709	-0.6626785	-0.6741862	-0.6856938	-0.6972015	-0.7087091	-0.7202168	-0.7317244	-0.7432321	-0.7547397	-0.7662474	-0.7777550	-0.7892627	-0.8007703	-0.8122780	-0.8237856	-0.8352933	-0.8468009	-0.8583086	-0.8698162	-0.8813239	-0.8928316	-0.9043392	-0.9158469	-0.9273545	-0.9388622	-0.9503698	-0.9618775	-0.9733851	-0.9848928	-0.9964004	-0.2857143	-0.2857143	-0.2857143	-0.2857143	-0.2857143	-0.2857143	-0.2857143	-0.2857143	-0.2857143	-0.2857143	-0.2857143	-0.2857143	
-0.5648635	-0.5763711	-0.5878788	-0.5993864	-0.6108941	-0.6224017	-0.6339094	-0.6454170	-0.6569247	-0.6684323	-0.6799400	-0.6914476	-0.7029553	-0.7144630	-0.7259706	-0.7374783	-0.7489859	-0.7604936	-0.7720012	-0.7835089	-0.7950165	-0.8065242	-0.8180318	-0.8295395	-0.8410471	-0.8525548	-0.8640624	-0.8755701	-0.8870777	-0.8985854	-0.9100930	-0.9216007	-0.9331083	-0.9446160	-0.9561236	-0.9676313	-0.9791389	-0.9906466	-0.2857143	-0.2857143	-0.2857143	-0.2857143	-0.2857143	-0.2857143	-0.2857143	-0.2857143	-0.2857143	-0.2857143	-0.2857143	-0.2857143	-0.2857143	
-0.5476020	-0.5591097	-0.5706173	-0.5821250	-0.5936326	-0.6051403	-0.6166479	-0.6281556	-0.6396632	-0.6511709	-0.6626785	-0.6741862	-0.6856938	-0.6972015	-0.7087091	-0.7202168	-0.7317244	-0.7432321	-0.7547397	-0.7662474	-0.7777550	-0.7892627	-0.8007703	-0.8122780	-0.8237856	-0.8352933	-0.8468009	-0.8583086	-0.8698162	-0.8813239	-0.8928316	-0.9043392	-0.9158469	-0.9273545	-0.9388622	-0.9503698	-0.9618775	-0.9733851	-0.9848928	-0.9964004	-0.2857143	-0.2857143	-0.2857143	-0.2857143	-0.2857143	-0.2857143	-0.2857143	-0.2857143	-0.2857143	-0.2857143	-0.2857143	-0.2857143	
-0.5303405	-0.5418482	-0.5533558	-0.5648635	-0.5763711	-0.5878788	-0.5993864	-0.6108941	-0.6224017	-0.6339094	-0.6454170	-0.6569247	-0.6684323	-0.6799400	-0.6914476	-0.7029553	-0.7144630	-0.7259706	-0.7374783	-0.7489859	-0.7604936	-0.7720012	-0.7835089	-0.7950165	-0.8065242	-0.8180318	-0.8295395	-0.8410471	-0.8525548	-0.8640624	-0.8755701	-0.8870777	-0.8985854	-0.9100930	-0.9216007	-0.9331083	-0.9446160	-0.9561236	-0.9676313	-0.9791389	-0.9906466	-0.2857143	-0.2857143	-0.2857143	-0.2857143	-0.2857143	-0.2857143	-0.2857143	-0.2857143	-0.2857143	-0.2857143	-0.2857143	-0.2857143	-0.2857143	
-0.5130790	-0.5245867	-0.5360943	-0.5476020	-0.5591097	-0.5706173	-0.5821250	-0.5936326	-0.6051403	-0.6166479	-0.6281556	-0.6396632	-0.6511709	-0.6626785	-0.6741862	-0.6856938	-0.6972015	-0.7087091	-0.7202168	-0.7317244	-0.7432321	-0.7547397	-0.7662474	-0.7777550	-0.7892627	-0.8007703	-0.8122780	-0.8237856	-0.8352933	-0.8468009	-0.8583086	-0.8698162	-0.8813239	-0.8928316	-0.9043392	-0.9158469	-0.9273545	-0.9388622	-0.9503698	-0.9618775	-0.9733851	-0.9848928	-0.9964004	-0.2857143	-0.2857143	-0.2857143	-0.2857143	-0.2857143	-0.2857143	-0.2857143	-0.2857143	-0.2857143	-0.2857143	-0.2857143	-0.2857143	
-0.4958176	-0.5073252	-0.5188329	-0.5303405	-0.5418482	-0.5533558	-0.5648635	-0.5763711	-0.5878788	-0.5993864	-0.6108941	-0.6224017	-0.6339094	-0.6454170	-0.6569247	-0.6684323	-0.6799400	-0.6914476	-0.7029553	-0.7144630	-0.7259706	-0.7374783	-0.7489859	-0.7604936	-0.7720012	-0.7835089	-0.7950165	-0.8065242	-0.8180318	-0.8295395	-0.8410471	-0.8525548	-0.8640624	-0.8755701	-0.8870777	-0.8985854	-0.9100930	-0.9216007	-0.9331083	-0.9446160	-0.9561236	-0.9676313	-0.9791389	-0.9906466	-0.2857143	-0.2857143	-0.2857143	-0.2857143	-0.2857143	-0.2857143	-0.2857143	-0.2857143	-0.2857143	-0.2857143	-0.2857143	-0.2857143	-0.2857143	
-0.4785561	-0.4900637	-0.5015714	-0.5130790	-0.5245867	-0.5360943	-0.5476020	-0.5591097	-0.5706173	-0.5821250	-0.5936326	-0.6051403	-0.6166479	-0.6281556	-0.6396632	-0.6511709	-0.6626785	-0.6741862	-0.6856938	-0.6972015	-0.7087091	-0.7202168	-0.7317244	-0.7432321	-0.7547397	-0.7662474	-0.7777550	-0.7892627	-0.8007703	-0.8122780	-0.8237856	-0.8352933	-0.8468009	-0.8583086	-0.8698162	-0.8813239	-0.8928316	-0.9043392	-0.9158469	-0.9273545	-0.9388622	-0.9503698	-0.9618775	-0.9733851	-0.9848928	-0.9964004	-0.2857143	-0.2857143	-0.2857143	-0.2857143	-0.2857143	-0.2857143	-0.2857143	-0.2857143	-0.2857143	-0.2857143	-0.2857143	-0.2857143	
-0.4612946	-0.4728023	-0.4843099	-0.4958176	-0.5073252	-0.5188329	-0.5303405	-0.5418482	-0.5533558	-0.5648635	-0.5763711	-0.5878788	-0.5993864	-0.6108941	-0.6224017	-0.6339094	-0.6454170	-0.6569247	-0.6684323	-0.6799400	-0.6914476	-0.7029553	-0.7144630	-0.7259706	-0.7374783	-0.7489859	-0.7604936	-0.7720012	-0.7835089	-0.7950165	-0.8065242	-0.8180318	-0.8295395	-0.8410471	-0.8525548	-0.8640624	-0.8755701	-0.8870777	-0.8985854	-0.9100930	-0.9216007	-0.9331083	-0.9446160	-0.9561236	-0.9676313	-0.9791389	-0.9906466	-0.2857143	-0.2857143	-0.2857143	-0.2857143	-0.2857143	-0.2857143	-0.2857143	-0.2857143	-0.2857143	-0.2857143	-0.2857143	-0.2857143	-0.2857143	
-0.4440331	-0.4555408	-0.4670484	-0.4785561	-0.4900637	-0.5015714	-0.5130790	-0.5245867	-0.5360943	-0.5476020	-0.5591097	-0.5706173	-0.5821250	-0.5936326	-0.6051403	-0.6166479	-0.6281556	-0.6396632	-0.6511709	-0.6626785	-0.6741862	-0.6856938	-0.6972015	-0.7087091	-0.7202168	-0.7317244	-0.7432321	-0.7547397	-0.7662474	-0.7777550	-0.7892627	-0.8007703	-0.8122780	-0.8237856	-0.8352933	-0.8468009	-0.8583086	-0.8698162	-0.8813239	-0.8928316	-0.9043392	-0.9158469	-0.9273545	-0.9388622	-0.9503698	-0.9618775	-0.9733851	-0.9848928	-0.9964004	-0.2857143	-0.2857143	-0.2857143	-0.2857143	-0.2857143	-0.2857143	-0.2857143	-0.2857143	-0.2857143	-0.2857143	-0.2857143	-0.2857143	
-0.4267717	-0.4382793	-0.4497870	-0.4612946	-0.4728023	-0.4843099	-0.4958176	-0.5073252	-0.5188329	-0.5303405	-0.5418482	-0.5533558	-0.5648635	-0.5763711	-0.5878788	-0.5993864	-0.6108941	-0.6224017	-0.6339094	-0.6454170	-0.6569247	-0.6684323	-0.6799400	-0.6914476	-0.7029553	-0.7144630	-0.7259706	-0.7374783	-0.7489859	-0.7604936	-0.7720012	-0.7835089	-0.7950165	-0.8065242	-0.8180318	-0.8295395	-0.8410471	-0.8525548	-0.8640624	-0.8755701	-0.8870777	-0.8985854	-0.9100930	-0.9216007	-0.9331083	-0.9446160	-0.9561236	-0.9676313	-0.9791389	-0.9906466	-0.2857143	-0.2857143	-0.2857143	-0.2857143	-0.2857143	-0.2857143	-0.2857143	-0.2857143	-0.2857143	-0.2857143	-0.2857143	-0.2857143	-0.2857143	
-0.4095102	-0.4210178	-0.4325255	-0.4440331	-0.4555408	-0.4670484	-0.4785561	-0.4900637	-0.5015714	-0.5130790	-0.5245867	-0.5360943	-0.5476020	-0.5591097	-0.5706173	-0.5821250	-0.5936326	-0.6051403	-0.6166479	-0.6281556	-0.6396632	-0.6511709	-0.6626785	-0.6741862	-0.6856938	-0.6972015	-0.7087091	-0.7202168	-0.7317244	-0.7432321	-0.7547397	-0.7662474	-0.7777550	-0.7892627	-0.8007703	-0.8122780	-0.8237856	-0.8352933	-0.8468009	-0.8583086	-0.8698162	-0.8813239	-0.8928316	-0.9043392	-0.9158469	-0.9273545	-0.9388622	-0.9503698	-0.9618775	-0.9733851	-0.9848928	-0.9964004	-0.2857143	-0.2857143	-0.2857143	-0.2857143	-0.2857143	-0.2857143	-0.2857143	-0.2857143	-0.2857143	-0.2857143	-0.2857143	-0.2857143	
-0.3922487	-0.4037564	-0.4152640	-0.4267717	-0.4382793	-0.4497870	-0.4612946	-0.4728023	-0.4843099	-0.4958176	-0.5073252	-0.5188329	-0.5303405	-0.5418482	-0.5533558	-0.5648635	-0.5763711	-0.5878788	-0.5993864	-0.6108941	-0.6224017	-0.6339094	-0.6454170	-0.6569247	-0.6684323	-0.6799400	-0.6914476	-0.7029553	-0.7144630	-0.7259706	-0.7374783	-0.7489859	-0.7604936	-0.7720012	-0.7835089	-0.7950165	-0.8065242	-0.8180318	-0.8295395	-0.8410471	-0.8525548	-0.8640624	-0.8755701	-0.8870777	-0.8985854	-0.9100930	-0.9216007	-0.9331083	-0.9446160	-0.9561236	-0.9676313	-0.9791389	-0.9906466	-0.2857143	-0.2857143	-0.2857143	-0.2857143	-0.2857143	-0.2857143	-0.2857143	-0.2857143	-0.2857143	-0.2857143	-0.2857143	-0.2857143	-0.2857143	
-0.3749872	-0.3864949	-0.3980025	-0.4095102	-0.4210178	-0.4325255	-0.4440331	-0.4555408	-0.4670484	-0.4785561	-0.4900637	-0.5015714	-0.5130790	-0.5245867	-0.5360943	-0.5476020	-0.5591097	-0.5706173	-0.5821250	-0.5936326	-0.6051403	-0.6166479	-0.6281556	-0.6396632	-0.6511709	-0.6626785	-0.6741862	-0.6856938	-0.6972015	-0.7087091	-0.7202168	-0.7317244	-0.7432321	-0.7547397	-0.7662474	-0.7777550	-0.7892627	-0.8007703	-0.8122780	-0.8237856	-0.8352933	-0.8468009	-0.8583086	-0.8698162	-0.8813239	-0.8928316	-0.9043392	-0.9158469	-0.9273545	-0.9388622	-0.9503698	-0.9618775	-0.9733851	-0.9848928	-0.9964004	-0.2857143	-0.2857143	-0.2857143	-0.2857143	-0.2857143	-0.2857143	-0.2857143	-0.2857143	-0.2857143	-0.2857143	-0.2857143	-0.2857143	
-0.3577257	-0.3692334	-0.3807411	-0.3922487	-0.4037564	-0.4152640	-0.4267717	-0.4382793	-0.4497870	-0.4612946	-0.4728023	-0.4843099	-0.4958176	-0.5073252	-0.5188329	-0.5303405	-0.5418482	-0.5533558	-0.5648635	-0.5763711	-0.5878788	-0.5993864	-0.6108941	-0.6224017	-0.6339094	-0.6454170	-0.6569247	-0.6684323	-0.6799400	-0.6914476	-0.7029553	-0.7144630	-0.7259706	-0.7374783	-0.7489859	-0.7604936	-0.7720012	-0.7835089	-0.7950165	-0.8065242	-0.8180318	-0.8295395	-0.8410471	-0.8525548	-0.8640624	-0.8755701	-0.8870777	-0.8985854	-0.9100930	-0.9216007	-0.9331083	-0.9446160	-0.9561236	-0.9676313	-0.9791389	-0.9906466	-0.2857143	-0.2857143	-0.2857143	-0.2857143	-0.2857143	-0.2857143	-0.2857143	-0.2857143	-0.2857143	-0.2857143	-0.2857143	-0.2857143	-0.2857143	
-0.3404643	-0.3519719	-0.3634796	-0.3749872	-0.3864949	-0.3980025	-0.4095102	-0.4210178	-0.4325255	-0.4440331	-0.4555408	-0.4670484	-0.4785561	-0.4900637	-0.5015714	-0.5130790	-0.5245867	-0.5360943	-0.5476020	-0.5591097	-0.5706173	-0.5821250	-0.5936326	-0.6051403	-0.6166479	-0.6281556	-0.6396632	-0.6511709	-0.6626785	-0.6741862	-0.6856938	-0.6972015	-0.7087091	-0.7202168	-0.7317244	-0.7432321	-0.7547397	-0.7662474	-0.7777550	-0.7892627	-0.8007703	-0.8122780	-0.8237856	-0.8352933	-0.8468009	-0.8583086	-0.8698162	-0.8813239	-0.8928316	-0.9043392	-0.9158469	-0.9273545	-0.9388622	-0.9503698	-0.9618775	-0.9733851	-0.9848928	-0.9964004	-0.2857143	-0.2857143	-0.2857143	-0.2857143	-0.2857143	-0.2857143	-0.2857143	-0.2857143	-0.2857143	-0.2857143	-0.2857143	-0.2857143	
-0.3232028	-0.3347104	-0.3462181	-0.3577257	-0.3692334	-0.3807411	-0.3922487	-0.4037564	-0.4152640	-0.4267717	-0.4382793	-0.4497870	-0.4612946	-0.4728023	-0.4843099	-0.4958176	-0.5073252	-0.5188329	-0.5303405	-0.5418482	-0.5533558	-0.5648635	-0.5763711	-0.5878788	-0.5993864	-0.6108941	-0.6224017	-0.6339094	-0.6454170	-0.6569247	-0.6684323	-0.6799400	-0.6914476	-0.7029553	-0.7144630	-0.7259706	-0.7374783	-0.7489859	-0.7604936	-0.7720012	-0.7835089	-0.7950165	-0.8065242	-0.8180318	-0.8295395	-0.8410471	-0.8525548	-0.8640624	-0.8755701	-0.8870777	-0.8985854	-0.9100930	-0.9216007	-0.9331083	-0.9446160	-0.9561236	-0.9676313	-0.9791389	-0.9906466	-0.2857143	-0.2857143	-0.2857143	-0.2857143	-0.2857143	-0.2857143	-0.2857143	-0.2857143	-0.2857143	-0.2857143	-0.2857143	-0.2857143	-0.2857143	
-0.3059413	-0.3174490	-0.3289566	-0.3404643	-0.3519719	-0.3634796	-0.3749872	-0.3864949	-0.3980025	-0.4095102	-0.4210178	-0.4325255	-0.4440331	-0.4555408	-0.4670484	-0.4785561	-0.4900637	-0.5015714	-0.5130790	-0.5245867	-0.5360943	-0.5476020	-0.5591097	-0.5706173	-0.5821250	-0.5936326	-0.6051403	-0.6166479	-0.6281556	-0.6396632	-0.6511709	-0.6626785	-0.6741862	-0.6856938	-0.6972015	-0.7087091	-0.7202168	-0.7317244	-0.7432321	-0.7547397	-0.7662474	-0.7777550	-0.7892627	-0.8007703	-0.8122780	-0.8237856	-0.8352933	-0.8468009	-0.8583086	-0.8698162	-0.8813239	-0.8928316	-0.9043392	-0.9158469	-0.9273545	-0.9388622	-0.9503698	-0.9618775	-0.9733851	-0.9848928	-0.9964004	-0.2857143	-0.2857143	-0.2857143	-0.2857143	-0.2857143	-0.2857143	-0.2857143	-0.2857143	-0.2857143	-0.2857143	-0.2857143	-0.2857143	
-0.2886798	-0.3001875	-0.3116951	-0.3232028	-0.3347104	-0.3462181	-0.3577257	-0.3692334	-0.3807411	-0.3922487	-0.4037564	-0.4152640	-0.4267717	-0.4382793	-0.4497870	-0.4612946	-0.4728023	-0.4843099	-0.4958176	-0.5073252	-0.5188329	-0.5303405	-0.5418482	-0.5533558	-0.5648635	-0.5763711	-0.5878788	-0.5993864	-0.6108941	-0.6224017	-0.6339094	-0.6454170	-0.6569247	-0.6684323	-0.6799400	-0.6914476	-0.7029553	-0.7144630	-0.7259706	-0.7374783	-0.7489859	-0.7604936	-0.7720012	-0.7835089	-0.7950165	-0.8065242	-0.8180318	-0.8295395	-0.8410471	-0.8525548	-0.8640624	-0.8755701	-0.8870777	-0.8985854	-0.9100930	-0.9216007	-0.9331083	-0.9446160	-0.9561236	-0.9676313	-0.9791389	-0.9906466	-0.2857143	-0.2857143	-0.2857143	-0.2857143	-0.2857143	-0.2857143	-0.2857143	-0.2857143	-0.2857143	-0.2857143	-0.2857143	-0.2857143	-0.2857143	
-0.2857143	-0.2857143	-0.2944337	-0.3059413	-0.3174490	-0.3289566	-0.3404643	-0.3519719	-0.3634796	-0.3749872	-0.3864949	-0.3980025	-0.4095102	-0.4210178	-0.4325255	-0.4440331	-0.4555408	-0.4670484	-0.4785561	-0.4900637	-0.5015714	-0.5130790	-0.5245867	-0.5360943	-0.5476020	-0.5591097	-0.5706173	-0.5821250	-0.5936326	-0.6051403	-0.6166479	-0.6281556	-0.6396632	-0.6511709	-0.6626785	-0.6741862	-0.6856938	-0.6972015	-0.7087091	-0.7202168	-0.7317244	-0.7432321	-0.7547397	-0.7662474	-0.7777550	-0.7892627	-0.8007703	-0.8122780	-0.8237856	-0.8352933	-0.8468009	-0.8583086	-0.8698162	-0.8813239	-0.8928316	-0.9043392	-0.9158469	-0.9273545	-0.9388622	-0.9503698	-0.9618775	-0.9733851	-0.9848928	-0.9964004	-0.2857143	-0.2857143	-0.2857143	-0.2857143	-0.2857143	-0.2857143	-0.2857143	-0.2857143	-0.2857143	-0.2857143	-0.2857143	-0.2857143	
-0.2857143	-0.2857143	-0.2857143	-0.2886798	-0.3001875	-0.3116951	-0.3232028	-0.3347104	-0.3462181	-0.3577257	-0.3692334	-0.3807411	-0.3922487	-0.4037564	-0.4152640	-0.4267717	-0.4382793	-0.4497870	-0.4612946	-0.4728023	-0.4843099	-0.4958176	-0.5073252	-0.5188329	-0.5303405	-0.5418482	-0.5533558	-0.5648635	-0.5763711	-0.5878788	-0.5993864	-0.6108941	-0.6224017	-0.6339094	-0.6454170	-0.6569247	-0.6684323	-0.6799400	-0.6914476	-0.7029553	-0.7144630	-0.7259706	-0.7374783	-0.7489859	-0.7604936	-0.7720012	-0.7835089	-0.7950165	-0.8065242	-0.8180318	-0.8295395	-0.8410471	-0.8525548	-0.8640624	-0.8755701	-0.8870777	-0.8985854	-0.9100930	-0.9216007	-0.9331083	-0.9446160	-0.9561236	-0.9676313	-0.9791389	-0.9906466	-0.2857143	-0.2857143	-0.2857143	-0.2857143	-0.2857143	-0.2857143	-0.2857143	-0.2857143	-0.2857143	-0.2857143	-0.2857143	-0.2857143	-0.2857143	
-0.2857143	-0.2857143	-0.2857143	-0.2857143	-0.2857143	-0.2944337	-0.3059413	-0.3174490	-0.3289566	-0.3404643	-0.3519719	-0.3634796	-0.3749872	-0.3864949	-0.3980025	-0.4095102	-0.4210178	-0.4325255	-0.4440331	-0.4555408	-0.4670484	-0.4785561	-0.4900637	-0.5015714	-0.5130790	-0.5245867	-0.5360943	-0.5476020	-0.5591097	-0.5706173	-0.5821250	-0.5936326	-0.6051403	-0.6166479	-0.6281556	-0.6396632	-0.6511709	-0.6626785	-0.6741862	-0.6856938	-0.6972015	-0.7087091	-0.7202168	-0.7317244	-0.7432321	-0.7547397	-0.7662474	-0.7777550	-0.7892627	-0.8007703	-0.8122780	-0.8237856	-0.8352933	-0.8468009	-0.8583086	-0.8698162	-0.8813239	-0.8928316	-0.9043392	-0.9158469	-0.9273545	-0.9388622	-0.9503698	-0.9618775	-0.9733851	-0.9848928	-0.9964004	-0.2857143	-0.2857143	-0.2857143	-0.2857143	-0.2857143	-0.2857143	-0.2857143	-0.2857143	-0.2857143	-0.2857143	-0.2857143	-0.2857143	
-0.2857143	-0.2857143	-0.2857143	-0.2857143	-0.2857143	-0.2857143	-0.2886798	-0.3001875	-0.3116951	-0.3232028	-0.3347104	-0.3462181	-0.3577257	-0.3692334	-0.3807411	-0.3922487	-0.4037564	-0.4152640	-0.4267717	-0.4382793	-0.4497870	-0.4612946	-0.4728023	-0.4843099	-0.4958176	-0.5073252	-0.5188329	-0.5303405	-0.5418482	-0.5533558	-0.5648635	-0.5763711	-0.5878788	-0.5993864	-0.6108941	-0.6224017	-0.6339094	-0.6454170	-0.6569247	-0.6684323	-0.6799400	-0.6914476	-0.7029553	-0.7144630	-0.7259706	-0.7374783	-0.7489859	-0.7604936	-0.7720012	-0.7835089	-0.7950165	-0.8065242	-0.8180318	-0.8295395	-0.8410471	-0.8525548	-0.8640624	-0.8755701	-0.8870777	-0.8985854	-0.9100930	-0.9216007	-0.9331083	-0.9446160	-0.9561236	-0.9676313	-0.9791389	-0.9906466	-0.2857143	-0.2857143	-0.2857143	-0.2857143	-0.2857143	-0.2857143	-0.2857143	-0.2857143	-0.2857143	-0.2857143	-0.2857143	-0.2857143	-0.2857143	
-0.2857143	-0.2857143	-0.2857143	-0.2857143	-0.2857143	-0.2857143	-0.2857143	-0.2857143	-0.2944337	-0.3059413	-0.3174490	-0.3289566	-0.3404643	-0.3519719	-0.3634796	-0.3749872	-0.3864949	-0.3980025	-0.4095102	-0.4210178	-0.4325255	-0.4440331	-0.4555408	-0.4670484	-0.4785561	-0.4900637	-0.5015714	-0.5130790	-0.5245867	-0.5360943	-0.5476020	-0.5591097	-0.5706173	-0.5821250	-0.5936326	-0.6051403	-0.6166479	-0.6281556	-0.6396632	-0.6511709	-0.6626785	-0.6741862	-0.6856938	-0.6972015	-0.7087091	-0.7202168	-0.7317244	-0.7432321	-0.7547397	-0.7662474	-0.7777550	-0.7892627	-0.8007703	-0.8122780	-0.8237856	-0.8352933	-0.8468009	-0.8583086	-0.8698162	-0.8813239	-0.8928316	-0.9043392	-0.9158469	-0.9273545	-0.9388622	-0.9503698	-0.9618775	-0.9733851	-0.9848928	-0.9964004	-0.2857143	-0.2857143	-0.2857143	-0.2857143	-0.2857143	-0.2857143	-0.2857143	-0.2857143	-0.2857143	-0.2857143	-0.2857143	-0.2857143	
-0.2857143	-0.2857143	-0.2857143	-0.2857143	-0.2857143	-0.2857143	-0.2857143	-0.2857143	-0.2857143	-0.2886798	-0.3001875	-0.3116951	-0.3232028	-0.3347104	-0.3462181	-0.3577257	-0.3692334	-0.3807411	-0.3922487	-0.4037564	-0.4152640	-0.4267717	-0.4382793	-0.4497870	-0.4612946	-0.4728023	-0.4843099	-0.4958176	-0.5073252	-0.5188329	-0.5303405	-0.5418482	-0.5533558	-0.5648635	-0.5763711	-0.5878788	-0.5993864	-0.6108941	-0.6224017	-0.6339094	-0.6454170	-0.6569247	-0.6684323	-0.6799400	-0.6914476	-0.7029553	-0.7144630	-0.7259706	-0.7374783	-0.7489859	-0.7604936	-0.7720012	-0.7835089	-0.7950165	-0.8065242	-0.8180318	-0.8295395	-0.8410471	-0.8525548	-0.8640624	-0.8755701	-0.8870777	-0.8985854	-0.9100930	-0.9216007	-0.9331083	-0.9446160	-0.9561236	-0.9676313	-0.9791389	-0.9906466	-0.2857143	-0.2857143	-0.2857143	-0.2857143	-0.2857143	-0.2857143	-0.2857143	-0.2857143	-0.2857143	-0.2857143	-0.2857143	-0.2857143	-0.2857143	
-0.2857143	-0.2857143	-0.2857143	-0.2857143	-0.2857143	-0.2857143	-0.2857143	-0.2857143	-0.2857143	-0.2857143	-0.2857143	-0.2944337	-0.3059413	-0.3174490	-0.3289566	-0.3404643	-0.3519719	-0.3634796	-0.3749872	-0.3864949	-0.3980025	-0.4095102	-0.4210178	-0.4325255	-0.4440331	-0.4555408	-0.4670484	-0.4785561	-0.4900637	-0.5015714	-0.5130790	-0.5245867	-0.5360943	-0.5476020	-0.5591097	-0.5706173	-0.5821250	-0.5936326	-0.6051403	-0.6166479	-0.6281556	-0.6396632	-0.6511709	-0.6626785	-0.6741862	-0.6856938	-0.6972015	-0.7087091	-0.7202168	-0.7317244	-0.7432321	-0.7547397	-0.7662474	-0.7777550	-0.7892627	-0.8007703	-0.8122780	-0.8237856	-0.8352933	-0.8468009	-0.8583086	-0.8698162	-0.8813239	-0.8928316	-0.9043392	-0.9158469	-0.9273545	-0.9388622	-0.9503698	-0.9618775	-0.9733851	-0.9848928	-0.9964004	-0.2857143	-0.2857143	-0.2857143	-0.2857143	-0.2857143	-0.2857143	-0.2857143	-0.2857143	-0.2857143	-0.2857143	-0.2857143	-0.2857143	
-0.2857143	-0.2857143	-0.2857143	-0.2857143	-0.2857143	-0.2857143	-0.2857143	-0.2857143	-0.2857143	-0.2857143	-0.2857143	-0.2857143	-0.2886798	-0.3001875	-0.3116951	-0.3232028	-0.3347104	-0.3462181	-0.3577257	-0.3692334	-0.3807411	-0.3922487	-0.4037564	-0.4152640	-0.4267717	-0.4382793	-0.4497870	-0.4612946	-0.4728023	-0.4843099	-0.4958176	-0.5073252	-0.5188329	-0.5303405	-0.5418482	-0.5533558	-0.5648635	-0.5763711	-0.5878788	-0.5993864	-0.6108941	-0.6224017	-0.6339094	-0.6454170	-0.6569247	-0.6684323	-0.6799400	-0.6914476	-0.7029553	-0.7144630	-0.7259706	-0.7374783	-0.7489859	-0.7604936	-0.7720012	-0.7835089	-0.7950165	-0.8065242	-0.8180318	-0.8295395	-0.8410471	-0.8525548	-0.8640624	-0.8755701	-0.8870777	-0.8985854	-0.9100930	-0.9216007	-0.9331083	-0.9446160	-0.9561236	-0.9676313	-0.9791389	-0.9906466	-0.2857143	-0.2857143	-0.2857143	-0.2857143	-0.2857143	-0.2857143	-0.2857143	-0.2857143	-0.2857143	-0.2857143	-0.2857143	-0.2857143	-0.2857143	
-0.2857143	-0.2857143	-0.2857143	-0.2857143	-0.2857143	-0.2857143	-0.2857143	-0.2857143	-0.2857143	-0.2857143	-0.2857143	-0.2857143	-0.2857143	-0.2857143	-0.2944337	-0.3059413	-0.3174490	-0.3289566	-0.3404643	-0.3519719	-0.3634796	-0.3749872	-0.3864949	-0.3980025	-0.4095102	-0.4210178	-0.4325255	-0.4440331	-0.4555408	-0.4670484	-0.4785561	-0.4900637	-0.5015714	-0.5130790	-0.5245867	-0.5360943	-0.5476020	-0.5591097	-0.5706173	-0.5821250	-0.5936326	-0.6051403	-0.6166479	-0.6281556	-0.6396632	-0.6511709	-0.6626785	-0.6741862	-0.6856938	-0.6972015	-0.7087091	-0.7202168	-0.7317244	-0.7432321	-0.7547397	-0.7662474	-0.7777550	-0.7892627	-0.8007703	-0.8122780	-0.8237856	-0.8352933	-0.8468009	-0.8583086	-0.8698162	-0.8813239	-0.8928316	-0.9043392	-0.9158469	-0.9273545	-0.9388622	-0.9503698	-0.9618775	-0.9733851	-0.9848928	-0.9964004	-0.2857143	-0.2857143	-0.2857143	-0.2857143	-0.2857143	-0.2857143	-0.2857143	-0.2857143	-0.2857143	-0.2857143	-0.2857143	-0.2857143	
-0.2857143	-0.2857143	-0.2857143	-0.2857143	-0.2857143	-0.2857143	-0.2857143	-0.2857143	-0.2857143	-0.2857143	-0.2857143	-0.2857143	-0.2857143	-0.2857143	-0.2857143	-0.2886798	-0.3001875	-0.3116951	-0.3232028	-0.3347104	-0.3462181	-0.3577257	-0.3692334	-0.3807411	-0.3922487	-0.4037564	-0.4152640	-0.4267717	-0.4382793	-0.4497870	-0.4612946	-0.4728023	-0.4843099	-0.4958176	-0.5073252	-0.5188329	-0.5303405	-0.5418482	-0.5533558	-0.5648635	-0.5763711	-0.5878788	-0.5993864	-0.6108941	-0.6224017	-0.6339094	-0.6454170	-0.6569247	-0.6684323	-0.6799400	-0.6914476	-0.7029553	-0.7144630	-0.7259706	-0.7374783	-0.7489859	-0.7604936	-0.7720012	-0.7835089	-0.7950165	-0.8065242	-0.8180318	-0.8295395	-0.8410471	-0.8525548	-0.8640624	-0.8755701	-0.8870777	-0.8985854	-0.9100930	-0.9216007	-0.9331083	-0.9446160	-0.9561236	-0.9676313	-0.9791389	-0.9906466	-0.2857143	-0.2857143	-0.2857143	-0.2857143	-0.2857143	-0.2857143	-0.2857143	-0.2857143	-0.2857143	-0.2857143	-0.2857143	-0.2857143	-0.2857143	
-0.2857143	-0.2857143	-0.2857143	-0.2857143	-0.2857143	-0.2857143	-0.2857143	-0.2857143	-0.2857143	-0.2857143	-0.2857143	-0.2857143	-0.2857143	-0.2857143	-0.2857143	-0.2857143	-0.2857143	-0.2944337	-0.3059413	-0.3174490	-0.3289566	-0.3404643	-0.3519719	-0.3634796	-0.3749872	-0.3864949	-0.3980025	-0.4095102	-0.4210178	-0.4325255	-0.4440331	-0.4555408	-0.4670484	-0.4785561	-0.4900637	-0.5015714	-0.5130790	-0.5245867	-0.5360943	-0.5476020	-0.5591097	-0.5706173	-0.5821250	-0.5936326	-0.6051403	-0.6166479	-0.6281556	-0.6396632	-0.6511709	-0.6626785	-0.6741862	-0.6856938	-0.6972015	-0.7087091	-0.7202168	-0.7317244	-0.7432321	-0.7547397	-0.7662474	-0.7777550	-0.7892627	-0.8007703	-0.8122780	-0.8237856	-0.8352933	-0.8468009	-0.8583086	-0.8698162	-0.8813239	-0.8928316	-0.9043392	-0.9158469	-0.9273545	-0.9388622	-0.9503698	-0.9618775	-0.9733851	-0.9848928	-0.9964004	-0.2857143	-0.2857143	-0.2857143	-0.2857143	-0.2857143	-0.2857143	-0.2857143	-0.2857143	-0.2857143	-0.2857143	-0.2857143	-0.2857143	
-0.2857143	-0.2857143	-0.2857143	-0.2857143	-0.2857143	-0.2857143	-0.2857143	-0.2857143	-0.2857143	-0.2857143	-0.2857143	-0.2857143	-0.2857143	-0.2857143	-0.2857143	-0.2857143	-0.2857143	-0.2857143	-0.2886798	-0.3001875	-0.3116951	-0.3232028	-0.3347104	-0.3462181	-0.3577257	-0.3692334	-0.3807411	-0.3922487	-0.4037564	-0.4152640	-0.4267717	-0.4382793	-0.4497870	-0.4612946	-0.4728023	-0.4843099	-0.4958176	-0.5073252	-0.5188329	-0.5303405	-0.5418482	-0.5533558	-0.5648635	-0.5763711	-0.5878788	-0.5993864	-0.6108941	-0.6224017	-0.6339094	-0.6454170	-0.6569247	-0.6684323	-0.6799400	-0.6914476	-0.7029553	-0.7144630	-0.7259706	-0.7374783	-0.7489859	-0.7604936	-0.7720012	-0.7835089	-0.7950165	-0.8065242	-0.8180318	-0.8295395	-0.8410471	-0.8525548	-0.8640624	-0.8755701	-0.8870777	-0.8985854	-0.9100930	-0.9216007	-0.9331083	-0.9446160	-0.9561236	-0.9676313	-0.9791389	-0.9906466	-0.2857143	-0.2857143	-0.2857143	-0.2857143	-0.2857143	-0.2857143	-0.2857143	-0.2857143	-0.2857143	-0.2857143	-0.2857143	-0.2857143	-0.2857143	
-0.2857143	-0.2857143	-0.2857143	-0.2857143	-0.2857143	-0.2857143	-0.2857143	-0.2857143	-0.2857143	-0.2857143	-0.2857143	-0.2857143	-0.2857143	-0.2857143	-0.2857143	-0.2857143	-0.2857143	-0.2857143	-0.2857143	-0.2857143	-0.2944337	-0.3059413	-0.3174490	-0.3289566	-0.3404643	-0.3519719	-0.3634796	-0.3749872	-0.3864949	-0.3980025	-0.4095102	-0.4210178	-0.4325255	-0.4440331	-0.4555408	-0.4670484	-0.4785561	-0.4900637	-0.5015714	-0.5130790	-0.5245867	-0.5360943	-0.5476020	-0.5591097	-0.5706173	-0.5821250	-0.5936326	-0.6051403	-0.6166479	-0.6281556	-0.6396632	-0.6511709	-0.6626785	-0.6741862	-0.6856938	-0.6972015	-0.7087091	-0.7202168	-0.7317244	-0.7432321	-0.7547397	-0.7662474	-0.7777550	-0.7892627	-0.8007703	-0.8122780	-0.8237856	-0.8352933	-0.8468009	-0.8583086	-0.8698162	-0.8813239	-0.8928316	-0.9043392	-0.9158469	-0.9273545	-0.9388622	-0.9503698	-0.9618775	-0.9733851	-0.9848928	-0.9964004	-0.2857143	-0.2857143	-0.2857143	-0.2857143	-0.2857143	-0.2857143	-0.2857143	-0.2857143	-0.2857143	-0.2857143	-0.2857143	-0.2857143	
-0.2857143	-0.2857143	-0.2857143	-0.2857143	-0.2857143	-0.2857143	-0.2857143	-0.2857143	-0.2857143	-0.2857143	-0.2857143	-0.2857143	-0.2857143	-0.2857143	-0.2857143	-0.2857143	-0.2857143	-0.2857143	-0.2857143	-0.2857143	-0.2857143	-0.2886798	-0.3001875	-0.3116951	-0.3232028	-0.3347104	-0.3462181	-0.3577257	-0.3692334	-0.3807411	-0.3922487	-0.4037564	-0.4152640	-0.4267717	-0.4382793	-0.4497870	-0.4612946	-0.4728023	-0.4843099	-0.4958176	-0.5073252	-0.5188329	-0.5303405	-0.5418482	-0.5533558	-0.5648635	-0.5763711	-0.5878788	-0.5993864	-0.6108941	-0.6224017	-0.6339094	-0.6454170	-0.6569247	-0.6684323	-0.6799400	-0.6914476	-0.7029553	-0.7144630	-0.7259706	-0.7374783	-0.7489859	-0.7604936	-0.7720012	-0.7835089	-0.7950165	-0.8065242	-0.8180318	-0.8295395	-0.8410471	-0.8525548	-0.8640624	-0.8755701	-0.8870777	-0.8985854	-0.9100930	-0.9216007	-0.9331083	-0.9446160	-0.9561236	-0.9676313	-0.9791389	-0.9906466	-0.2857143	-0.2857143	-0.2857143	-0.2857143	-0.2857143	-0.2857143	-0.2857143	-0.2857143	-0.2857143	-0.2857143	-0.2857143	-0.2857143	-0.2857143	
-0.2857143	-0.2857143	-0.2857143	-0.2857143	-0.2857143	-0.2857143	-0.2857143	-0.2857143	-0.2857143	-0.2857143	-0.2857143	-0.2857143	-0.2857143	-0.2857143	-0.2857143	-0.2857143	-0.2857143	-0.2857143	-0.2857143	-0.2857143	-0.2857143	-0.2857143	-0.2857143	-0.2944337	-0.3059413	-0.3174490	-0.3289566	-0.3404643	-0.3519719	-0.3634796	-0.3749872	-0.3864949	-0.3980025	-0.4095102	-0.4210178	-0.4325255	-0.4440331	-0.4555408	-0.4670484	-0.4785561	-0.4900637	-0.5015714	-0.5130790	-0.5245867	-0.5360943	-0.5476020	-0.5591097	-0.5706173	-0.5821250	-0.5936326	-0.6051403	-0.6166479	-0.6281556	-0.6396632	-0.6511709	-0.6626785	-0.6741862	-0.6856938	-0.6972015	-0.7087091	-0.7202168	-0.7317244	-0.7432321	-0.7547397	-0.7662474	-0.7777550	-0.7892627	-0.8007703	-0.8122780	-0.8237856	-0.8352933	-0.8468009	-0.8583086	-0.8698162	-0.8813239	-0.8928316	-0.9043392	-0.9158469	-0.9273545	-0.9388622	-0.9503698	-0.9618775	-0.9733851	-0.9848928	-0.9964004	-0.2857143	-0.2857143	-0.2857143	-0.2857143	-0.2857143	-0.2857143	-0.2857143	-0.2857143	-0.2857143	-0.2857143	-0.2857143	-0.2857143	
-0.2857143	-0.2857143	-0.2857143	-0.2857143	-0.2857143	-0.2857143	-0.2857143	-0.2857143	-0.2857143	-0.2857143	-0.2857143	-0.2857143	-0.2857143	-0.2857143	-0.2857143	-0.2857143	-0.2857143	-0.2857143	-0.2857143	-0.2857143	-0.2857143	-0.2857143	-0.2857143	-0.2857143	-0.2886798	-0.3001875	-0.3116951	-0.3232028	-0.3347104	-0.3462181	-0.3577257	-0.3692334	-0.3807411	-0.3922487	-0.4037564	-0.4152640	-0.4267717	-0.4382793	-0.4497870	-0.4612946	-0.4728023	-0.4843099	-0.4958176	-0.5073252	-0.5188329	-0.5303405	-0.5418482	-0.5533558	-0.5648635	-0.5763711	-0.5878788	-0.5993864	-0.6108941	-0.6224017	-0.6339094	-0.6454170	-0.6569247	-0.6684323	-0.6799400	-0.6914476	-0.7029553	-0.7144630	-0.7259706	-0.7374783	-0.7489859	-0.7604936	-0.7720012	-0.7835089	-0.7950165	-0.8065242	-0.8180318	-0.8295395	-0.8410471	-0.8525548	-0.8640624	-0.8755701	-0.8870777	-0.8985854	-0.9100930	-0.9216007	-0.9331083	-0.9446160	-0.9561236	-0.9676313	-0.9791389	-0.9906466	-0.2857143	-0.2857143	-0.2857143	-0.2857143	-0.2857143	-0.2857143	-0.2857143	-0.2857143	-0.2857143	-0.2857143	-0.2857143	-0.2857143	-0.2857143	
-0.2857143	-0.2857143	-0.2857143	-0.2857143	-0.2857143	-0.2857143	-0.2857143	-0.2857143	-0.2857143	-0.2857143	-0.2857143	-0.2857143	-0.2857143	-0.2857143	-0.2857143	-0.2857143	-0.2857143	-0.2857143	-0.2857143	-0.2857143	-0.2857143	-0.2857143	-0.2857143	-0.2857143	-0.2857143	-0.2857143	-0.2944337	-0.3059413	-0.3174490	-0.3289566	-0.3404643	-0.3519719	-0.3634796	-0.3749872	-0.3864949	-0.3980025	-0.4095102	-0.4210178	-0.4325255	-0.4440331	-0.4555408	-0.4670484	-0.4785561	-0.4900637	-0.5015714	-0.5130790	-0.5245867	-0.5360943	-0.5476020	-0.5591097	-0.5706173	-0.5821250	-0.5936326	-0.6051403	-0.6166479	-0.6281556	-0.6396632	-0.6511709	-0.6626785	-0.6741862	-0.6856938	-0.6972015	-0.7087091	-0.7202168	-0.7317244	-0.7432321	-0.7547397	-0.7662474	-0.7777550	-0.7892627	-0.8007703	-0.8122780	-0.8237856	-0.8352933	-0.8468009	-0.8583086	-0.8698162	-0.8813239	-0.8928316	-0.9043392	-0.9158469	-0.9273545	-0.9388622	-0.9503698	-0.9618775	-0.9733851	-0.9848928	-0.9964004	-0.2857143	-0.2857143	-0.2857143	-0.2857143	-0.2857143	-0.2857143	-0.2857143	-0.2857143	-0.2857143	-0.2857143	-0.2857143	-0.2857143	
-0.2857143	-0.2857143	-0.2857143	-0.2857143	-0.2857143	-0.2857143	-0.2857143	-0.2857143	-0.2857143	-0.2857143	-0.2857143	-0.2857143	-0.2857143	-0.2857143	-0.2857143	-0.2857143	-0.2857143	-0.2857143	-0.2857143	-0.2857143	-0.2857143	-0.2857143	-0.2857143	-0.2857143	-0.2857143	-0.2857143	-0.2857143	-0.2886798	-0.3001875	-0.3116951	-0.3232028	-0.3347104	-0.3462181	-0.3577257	-0.3692334	-0.3807411	-0.3922487	-0.4037564	-0.4152640	-0.4267717	-0.4382793	-0.4497870	-0.4612946	-0.4728023	-0.4843099	-0.4958176	-0.5073252	-0.5188329	-0.5303405	-0.5418482	-0.5533558	-0.5648635	-0.5763711	-0.5878788	-0.5993864	-0.6108941	-0.6224017	-0.6339094	-0.6454170	-0.6569247	-0.6684323	-0.6799400	-0.6914476	-0.7029553	-0.7144630	-0.7259706	-0.7374783	-0.7489859	-0.7604936	-0.7720012	-0.7835089	-0.7950165	-0.8065242	-0.8180318	-0.8295395	-0.8410471	-0.8525548	-0.8640624	-0.8755701	-0.8870777	-0.8985854	-0.9100930	-0.9216007	-0.9331083	-0.9446160	-0.9561236	-0.9676313	-0.9791389	-0.9906466	-0.2857143	-0.2857143	-0.2857143	-0.2857143	-0.2857143	-0.2857143	-0.2857143	-0.2857143	-0.2857143	-0.2857143	-0.2857143	-0.2857143	-0.2857143	
-0.2857143	-0.2857143	-0.2857143	-0.2857143	-0.2857143	-0.2857143	-0.2857143	-0.2857143	-0.2857143	-0.2857143	-0.2857143	-0.2857143	-0.2857143	-0.2857143	-0.2857143	-0.2857143	-0.2857143	-0.2857143	-0.2857143	-0.2857143	-0.2857143	-0.2857143	-0.2857143	-0.2857143	-0.2857143	-0.2857143	-0.2857143	-0.2857143	-0.2857143	-0.2944337	-0.3059413	-0.3174490	-0.3289566	-0.3404643	-0.3519719	-0.3634796	-0.3749872	-0.3864949	-0.3980025	-0.4095102	-0.4210178	-0.4325255	-0.4440331	-0.4555408	-0.4670484	-0.4785561	-0.4900637	-0.5015714	-0.5130790	-0.5245867	-0.5360943	-0.5476020	-0.5591097	-0.5706173	-0.5821250	-0.5936326	-0.6051403	-0.6166479	-0.6281556	-0.6396632	-0.6511709	-0.6626785	-0.6741862	-0.6856938	-0.6972015	-0.7087091	-0.7202168	-0.7317244	-0.7432321	-0.7547397	-0.7662474	-0.7777550	-0.7892627	-0.8007703	-0.8122780	-0.8237856	-0.8352933	-0.8468009	-0.8583086	-0.8698162	-0.8813239	-0.8928316	-0.9043392	-0.9158469	-0.9273545	-0.9388622	-0.9503698	-0.9618775	-0.9733851	-0.9848928	-0.9964004	-0.2857143	-0.2857143	-0.2857143	-0.2857143	-0.2857143	-0.2857143	-0.2857143	-0.2857143	-0.2857143	-0.2857143	-0.2857143	-0.2857143	
-0.2857143	-0.2857143	-0.2857143	-0.2857143	-0.2857143	-0.2857143	-0.2857143	-0.2857143	-0.2857143	-0.2857143	-0.2857143	-0.2857143	-0.2857143	-0.2857143	-0.2857143	-0.2857143	-0.2857143	-0.2857143	-0.2857143	-0.2857143	-0.2857143	-0.2857143	-0.2857143	-0.2857143	-0.2857143	-0.2857143	-0.2857143	-0.2857143	-0.2857143	-0.2857143	-0.2886798	-0.3001875	-0.3116951	-0.3232028	-0.3347104	-0.3462181	-0.3577257	-0.3692334	-0.3807411	-0.3922487	-0.4037564	-0.4152640	-0.4267717	-0.4382793	-0.4497870	-0.4612946	-0.4728023	-0.4843099	-0.4958176	-0.5073252	-0.5188329	-0.5303405	-0.5418482	-0.5533558	-0.5648635	-0.5763711	-0.5878788	-0.5993864	-0.6108941	-0.6224017	-0.6339094	-0.6454170	-0.6569247	-0.6684323	-0.6799400	-0.6914476	-0.7029553	-0.7144630	-0.7259706	-0.7374783	-0.7489859	-0.7604936	-0.7720012	-0.7835089	-0.7950165	-0.8065242	-0.8180318	-0.8295395	-0.8410471	-0.8525548	-0.8640624	-0.8755701	-0.8870777	-0.8985854	-0.9100930	-0.9216007	-0.9331083	-0.9446160	-0.9561236	-0.9676313	-0.9791389	-0.9906466	-0.2857143	-0.2857143	-0.2857143	-0.2857143	-0.2857143	-0.2857143	-0.2857143	-0.2857143	-0.2857143	-0.2857143	-0.2857143	-0.2857143	-0.2857143	
-0.2857143	-0.2857143	-0.2857143	-0.2857143	-0.2857143	-0.2857143	-0.2857143	-0.2857143	-0.2857143	-0.2857143	-0.2857143	-0.2857143	-0.2857143	-0.2857143	-0.2857143	-0.2857143	-0.2857143	-0.2857143	-0.2857143	-0.2857143	-0.2857143	-0.2857143	-0.2857143	-0.2857143	-0.2857143	-0.2857143	-0.2857143	-0.2857143	-0.2857143	-0.2857143	-0.2857143	-0.2857143	-0.2944337	-0.3059413	-0.3174490	-0.3289566	-0.3404643	-0.3519719	-0.3634796	-0.3749872	-0.3864949	-0.3980025	-0.4095102	-0.4210178	-0.4325255	-0.4440331	-0.4555408	-0.4670484	-0.4785561	-0.4900637	-0.5015714	-0.5130790	-0.5245867	-0.5360943	-0.5476020	-0.5591097	-0.5706173	-0.5821250	-0.5936326	-0.6051403	-0.6166479	-0.6281556	-0.6396632	-0.6511709	-0.6626785	-0.6741862	-0.6856938	-0.6972015	-0.7087091	-0.7202168	-0.7317244	-0.7432321	-0.7547397	-0.7662474	-0.7777550	-0.7892627	-0.8007703	-0.8122780	-0.8237856	-0.8352933	-0.8468009	-0.8583086	-0.8698162	-0.8813239	-0.8928316	-0.9043392	-0.9158469	-0.9273545	-0.9388622	-0.9503698	-0.9618775	-0.9733851	-0.9848928	-0.9964004	-0.2857143	-0.2857143	-0.2857143	-0.2857143	-0.2857143	-0.2857143	-0.2857143	-0.2857143	-0.2857143	-0.2857143	-0.2857143	-0.2857143	
-0.2857143	-0.2857143	-0.2857143	-0.2857143	-0.2857143	-0.2857143	-0.2857143	-0.2857143	-0.2857143	-0.2857143	-0.2857143	-0.2857143	-0.2857143	-0.2857143	-0.2857143	-0.2857143	-0.2857143	-0.2857143	-0.2857143	-0.2857143	-0.2857143	-0.2857143	-0.2857143	-0.2857143	-0.2857143	-0.2857143	-0.2857143	-0.2857143	-0.2857143	-0.2857143	-0.2857143	-0.2857143	-0.2857143	-0.2886798	-0.3001875	-0.3116951	-0.3232028	-0.3347104	-0.3462181	-0.3577257	-0.3692334	-0.3807411	-0.3922487	-0.4037564	-0.4152640	-0.4267717	-0.4382793	-0.4497870	-0.4612946	-0.4728023	-0.4843099	-0.4958176	-0.5073252	-0.5188329	-0.5303405	-0.5418482	-0.5533558	-0.5648635	-0.5763711	-0.5878788	-0.5993864	-0.6108941	-0.6224017	-0.6339094	-0.6454170	-0.6569247	-0.6684323	-0.6799400	-0.6914476	-0.7029553	-0.7144630	-0.7259706	-0.7374783	-0.7489859	-0.7604936	-0.7720012	-0.7835089	-0.7950165	-0.8065242	-0.8180318	-0.8295395	-0.8410471	-0.8525548	-0.8640624	-0.8755701	-0.8870777	-0.8985854	-0.9100930	-0.9216007	-0.9331083	-0.9446160	-0.9561236	-0.9676313	-0.9791389	-0.9906466	-0.2857143	-0.2857143	-0.2857143	-0.2857143	-0.2857143	-0.2857143	-0.2857143	-0.2857143	-0.2857143	-0.2857143	-0.2857143	-0.2857143	-0.2857143	
-0.2857143	-0.2857143	-0.2857143	-0.2857143	-0.2857143	-0.2857143	-0.2857143	-0.2857143	-0.2857143	-0.2857143	-0.2857143	-0.2857143	-0.2857143	-0.2857143	-0.2857143	-0.2857143	-0.2857143	-0.2857143	-0.2857143	-0.2857143	-0.2857143	-0.2857143	-0.2857143	-0.2857143	-0.2857143	-0.2857143	-0.2857143	-0.2857143	-0.2857143	-0.2857143	-0.2857143	-0.2857143	-0.2857143	-0.2857143	-0.2857143	-0.2944337	-0.3059413	-0.3174490	-0.3289566	-0.3404643	-0.3519719	-0.3634796	-0.3749872	-0.3864949	-0.3980025	-0.4095102	-0.4210178	-0.4325255	-0.4440331	-0.4555408	-0.4670484	-0.4785561	-0.4900637	-0.5015714	-0.5130790	-0.5245867	-0.5360943	-0.5476020	-0.5591097	-0.5706173	-0.5821250	-0.5936326	-0.6051403	-0.6166479	-0.6281556	-0.6396632	-0.6511709	-0.6626785	-0.6741862	-0.6856938	-0.6972015	-0.7087091	-0.7202168	-0.7317244	-0.7432321	-0.7547397	-0.7662474	-0.7777550	-0.7892627	-0.8007703	-0.8122780	-0.8237856	-0.8352933	-0.8468009	-0.8583086	-0.8698162	-0.8813239	-0.8928316	-0.9043392	-0.9158469	-0.9273545	-0.9388622	-0.9503698	-0.9618775	-0.9733851	-0.9848928	-0.9964004	-0.2857143	-0.2857143	-0.2857143	-0.2857143	-0.2857143	-0.2857143	-0.2857143	-0.2857143	-0.2857143	-0.2857143	-0.2857143	-0.2857143	
-0.2857143	-0.2857143	-0.2857143	-0.2857143	-0.2857143	-0.2857143	-0.2857143	-0.2857143	-0.2857143	-0.2857143	-0.2857143	-0.2857143	-0.2857143	-0.2857143	-0.2857143	-0.2857143	-0.2857143	-0.2857143	-0.2857143	-0.2857143	-0.2857143	-0.2857143	-0.2857143	-0.2857143	-0.2857143	-0.2857143	-0.2857143	-0.2857143	-0.2857143	-0.2857143	-0.2857143	-0.2857143	-0.2857143	-0.2857143	-0.2857143	-0.2857143	-0.2886798	-0.3001875	-0.3116951	-0.3232028	-0.3347104	-0.3462181	-0.3577257	-0.3692334	-0.3807411	-0.3922487	-0.4037564	-0.4152640	-0.4267717	-0.4382793	-0.4497870	-0.4612946	-0.4728023	-0.4843099	-0.4958176	-0.5073252	-0.5188329	-0.5303405	-0.5418482	-0.5533558	-0.5648635	-0.5763711	-0.5878788	-0.5993864	-0.6108941	-0.6224017	-0.6339094	-0.6454170	-0.6569247	-0.6684323	-0.6799400	-0.6914476	-0.7029553	-0.7144630	-0.7259706	-0.7374783	-0.7489859	-0.7604936	-0.7720012	-0.7835089	-0.7950165	-0.8065242	-0.8180318	-0.8295395	-0.8410471	-0.8525548	-0.8640624	-0.8755701	-0.8870777	-0.8985854	-0.9100930	-0.9216007	-0.9331083	-0.9446160	-0.9561236	-0.9676313	-0.9791389	-0.9906466	-0.2857143	-0.2857143	-0.2857143	-0.2857143	-0.2857143	-0.2857143	-0.2857143	-0.2857143	-0.2857143	-0.2857143	-0.2857143	-0.2857143	-0.2857143	
-0.2857143	-0.2857143	-0.2857143	-0.2857143	-0.2857143	-0.2857143	-0.2857143	-0.2857143	-0.2857143	-0.2857143	-0.2857143	-0.2857143	-0.2857143	-0.2857143	-0.2857143	-0.2857143	-0.2857143	-0.2857143	-0.2857143	-0.2857143	-0.2857143	-0.2857143	-0.2857143	-0.2857143	-0.2857143	-0.2857143	-0.2857143	-0.2857143	-0.2857143	-0.2857143	-0.2857143	-0.2857143	-0.2857143	-0.2857143	-0.2857143	-0.2857143	-0.2857143	-0.2857143	-0.2944337	-0.3059413	-0.3174490	-0.3289566	-0.3404643	-0.3519719	-0.3634796	-0.3749872	-0.3864949	-0.3980025	-0.4095102	-0.4210178	-0.4325255	-0.4440331	-0.4555408	-0.4670484	-0.4785561	-0.4900637	-0.5015714	-0.5130790	-0.5245867	-0.5360943	-0.5476020	-0.5591097	-0.5706173	-0.5821250	-0.5936326	-0.6051403	-0.6166479	-0.6281556	-0.6396632	-0.6511709	-0.6626785	-0.6741862	-0.6856938	-0.6972015	-0.7087091	-0.7202168	-0.7317244	-0.7432321	-0.7547397	-0.7662474	-0.7777550	-0.7892627	-0.8007703	-0.8122780	-0.8237856	-0.8352933	-0.8468009	-0.8583086	-0.8698162	-0.8813239	-0.8928316	-0.9043392	-0.9158469	-0.9273545	-0.9388622	-0.9503698	-0.9618775	-0.9733851	-0.9848928	-0.9964004	-0.2857143	-0.2857143	-0.2857143	-0.2857143	-0.2857143	-0.2857143	-0.2857143	-0.2857143	-0.2857143	-0.2857143	-0.2857143	-0.2857143	


























































































































































































































































